
REPORT
----------------------------------
                                 PATTERNS         TOKENS       COVERAGE          TYPES
Total:                                  -         315412              -          41149
Uncovered:                              -          81950         0.2598          36822
Covered:                             6993         233462         0.7402           4327

       CATEGORY      N (SIZE)        PATTERNS         TOKENS       COVERAGE          TYPES    OCCURRENCES
            all            all           6993         233462         0.7402           4327         293185
            all              1           4326         233462         0.7402           4326         233462
            all              2           1922          76116         0.2413           1155          45560
            all              3            445          19302         0.0612            449           8860
            all              4            164           7968         0.0253            212           3079
            all              5             77           4173         0.0132            138           1310
            all              6             35           2121         0.0067             83            554
            all              7             14            844         0.0027             44            204
            all              8              6            368         0.0012             18             92
            all              9              3            272         0.0009             10             48
            all             10              1            160         0.0005              7             16
         n-gram            all           6992         233462         0.7402           4326         293140
         n-gram              1           4326         233462         0.7402           4326         233462
         n-gram              2           1922          76116         0.2413           1155          45560
         n-gram              3            444          19302         0.0612            448           8815
         n-gram              4            164           7968         0.0253            212           3079
         n-gram              5             77           4173         0.0132            138           1310
         n-gram              6             35           2121         0.0067             83            554
         n-gram              7             14            844         0.0027             44            204
         n-gram              8              6            368         0.0012             18             92
         n-gram              9              3            272         0.0009             10             48
         n-gram             10              1            160         0.0005              7             16
       skipgram            all              1            135         0.0004              3             45
       skipgram              3              1            135         0.0004              3             45
