HISTOGRAM
------------------------------
OCCURRENCES	PATTERNS
10	667
11	501
12	842
13	432
14	329
15	279
16	450
17	193
18	184
19	151
20	214
21	148
22	128
23	99
24	149
25	84
26	93
27	79
28	105
29	79
30	70
31	51
32	54
33	66
34	67
35	44
36	61
37	45
38	34
39	41
40	31
41	44
42	29
43	30
44	39
45	31
46	22
47	16
48	32
49	22
50	22
51	23
52	28
53	24
54	12
55	15
56	17
57	19
58	13
59	15
60	18
61	11
62	12
63	13
64	11
65	15
66	17
67	14
68	9
69	7
70	11
71	12
72	13
73	9
74	9
75	7
76	8
77	7
78	10
79	7
80	7
81	4
82	12
83	8
84	5
85	5
86	7
87	5
88	6
89	3
90	3
91	6
92	12
93	6
94	11
95	4
96	5
97	5
98	7
99	6
100	4
101	9
102	5
103	3
104	1
105	2
106	3
107	6
108	4
109	4
110	6
111	3
112	3
113	4
114	5
115	3
116	3
117	5
119	5
120	5
121	1
122	4
123	6
124	3
125	5
126	1
127	2
128	3
129	1
130	2
131	4
132	3
133	1
134	2
135	6
136	1
137	3
138	3
139	2
140	4
141	1
142	4
143	2
145	1
146	3
147	1
148	4
152	2
153	2
154	6
155	3
156	3
157	1
158	1
159	3
160	1
161	2
162	3
163	2
164	1
166	4
167	2
168	1
169	2
170	3
171	3
172	1
173	1
174	1
175	3
176	2
177	4
179	3
181	3
182	3
184	2
185	3
186	1
187	3
188	1
190	2
191	3
192	1
193	1
194	3
197	1
199	1
200	2
201	1
203	5
204	1
205	1
209	4
210	1
212	1
213	1
214	2
215	2
216	1
217	2
218	1
222	1
223	2
224	2
230	1
231	3
233	1
234	1
235	1
237	1
239	1
240	1
242	1
246	1
249	1
250	2
252	1
253	1
254	1
256	1
259	1
260	1
269	2
271	1
273	1
274	1
275	1
276	1
277	1
278	2
281	1
283	1
285	1
290	1
292	1
293	2
299	1
300	1
301	2
307	1
309	1
310	1
314	1
315	1
319	1
321	1
323	1
325	1
327	1
329	1
335	1
339	1
340	1
345	1
354	1
356	1
358	1
360	2
361	1
366	1
377	1
378	1
379	1
383	1
385	1
388	1
389	1
391	1
395	1
402	1
405	1
412	1
417	1
423	3
430	1
437	1
438	1
446	1
458	1
464	1
467	1
477	2
478	1
479	1
492	1
499	1
505	1
508	1
513	1
523	1
551	1
555	1
565	1
629	1
637	1
656	1
658	1
676	1
685	1
703	1
711	1
726	1
731	1
783	1
784	1
787	1
798	1
821	1
868	1
873	1
914	1
935	1
940	1
965	2
1047	1
1066	1
1074	1
1103	1
1126	1
1193	1
1200	1
1217	1
1263	1
1282	1
1303	1
1318	1
1404	1
1445	1
1574	1
1581	1
1882	1
1942	1
2249	1
2257	1
2278	1
2999	1
3183	1
4148	1
4280	1
6563	1
