
REPORT
----------------------------------
                                 PATTERNS         TOKENS       COVERAGE          TYPES
Total:                                  -         315412              -          41149
Uncovered:                              -          81950         0.2598          36822
Covered:                            10395         233462         0.7402           4327

       CATEGORY      N (SIZE)        PATTERNS         TOKENS       COVERAGE          TYPES    OCCURRENCES
            all            all          10395         233462         0.7402           4327         350776
            all              1           4326         233462         0.7402           4326         233462
            all              2           1922          76116         0.2413           1155          45560
            all              3            866          19302         0.0612            449          17630
            all              4            646           7968         0.0253            213          12316
            all              5            616           4173         0.0132            139          10480
            all              6            559           2121         0.0067             84           8864
            all              7            448            844         0.0027             45           6528
            all              8            384            368         0.0012             19           5888
            all              9            381            272         0.0009             11           6096
            all             10            247            160         0.0005              8           3952
         n-gram            all           6992         233462         0.7402           4326         293140
         n-gram              1           4326         233462         0.7402           4326         233462
         n-gram              2           1922          76116         0.2413           1155          45560
         n-gram              3            444          19302         0.0612            448           8815
         n-gram              4            164           7968         0.0253            212           3079
         n-gram              5             77           4173         0.0132            138           1310
         n-gram              6             35           2121         0.0067             83            554
         n-gram              7             14            844         0.0027             44            204
         n-gram              8              6            368         0.0012             18             92
         n-gram              9              3            272         0.0009             10             48
         n-gram             10              1            160         0.0005              7             16
       skipgram            all           3403          19302         0.0612            372          57636
       skipgram              3            422          19302         0.0612            372           8815
       skipgram              4            482           7968         0.0253            213           9237
       skipgram              5            539           4173         0.0132            139           9170
       skipgram              6            524           2121         0.0067             84           8310
       skipgram              7            434            844         0.0027             45           6324
       skipgram              8            378            368         0.0012             19           5796
       skipgram              9            378            272         0.0009             11           6048
       skipgram             10            246            160         0.0005              8           3936
