HISTOGRAM
------------------------------
OCCURRENCES	PATTERNS
10	707
11	559
12	743
13	413
14	362
15	300
16	238
17	207
18	187
19	171
20	146
21	117
22	122
23	106
24	109
25	100
26	96
27	75
28	81
29	67
30	60
31	57
32	62
33	51
34	55
35	46
36	51
37	35
38	36
39	39
40	41
41	49
42	23
43	26
44	27
45	24
46	34
47	22
48	20
49	26
50	28
51	21
52	16
53	15
54	12
55	18
56	15
57	14
58	13
59	10
60	12
61	10
62	13
63	8
64	12
65	14
66	14
67	11
68	15
69	13
70	11
71	9
72	7
73	13
74	7
75	12
76	9
77	7
78	12
79	6
80	6
81	7
82	8
83	9
84	6
85	8
86	4
87	2
88	6
89	6
90	7
91	8
92	7
93	6
94	5
95	1
96	7
97	4
98	3
99	6
100	5
101	7
102	3
103	2
104	5
105	6
106	2
107	4
108	5
109	5
110	4
111	2
112	2
113	8
114	6
115	3
116	3
117	2
118	2
119	6
120	2
121	3
122	3
123	5
124	6
125	1
126	2
127	1
128	4
129	3
130	3
131	5
132	1
134	5
135	8
136	2
137	4
139	6
140	6
141	2
143	1
144	3
145	1
146	2
147	5
148	1
149	5
150	2
154	2
156	1
157	2
158	4
159	2
160	1
161	3
162	1
164	3
165	3
166	5
167	2
168	1
170	1
171	4
172	3
173	2
174	4
177	1
178	2
179	2
180	1
181	1
182	2
183	1
184	1
185	1
186	2
188	1
189	2
190	1
191	2
192	3
193	1
194	3
196	1
197	2
199	1
200	1
201	1
202	1
203	2
204	3
205	6
207	1
208	2
209	1
210	1
211	2
214	2
215	1
216	2
220	1
221	2
222	1
223	1
224	3
227	1
229	2
236	2
237	2
239	3
241	1
242	2
243	1
245	3
247	1
249	1
250	1
251	4
253	2
254	1
255	1
263	1
264	1
265	1
267	2
270	3
271	1
274	1
279	2
282	2
283	1
285	1
286	1
288	2
291	2
292	1
293	3
299	1
300	2
301	1
305	1
310	1
317	1
321	1
322	1
326	1
332	1
338	1
340	1
342	1
345	1
349	1
351	1
355	1
357	1
364	1
366	1
367	2
370	1
371	1
372	1
373	1
383	1
391	1
394	1
395	1
403	1
406	1
407	1
422	2
425	1
429	1
452	1
458	2
463	1
465	1
470	1
482	1
489	1
491	1
496	1
499	1
501	1
508	1
518	1
522	1
524	1
529	2
530	1
535	1
554	1
577	1
582	1
595	1
600	1
603	1
644	1
658	1
668	2
679	1
684	1
698	1
701	1
704	1
706	1
728	1
743	1
749	1
761	1
798	1
812	1
816	1
829	1
933	1
934	1
963	1
1011	1
1026	1
1030	1
1050	1
1095	1
1130	1
1136	1
1596	1
1634	1
1704	1
2081	1
2249	1
2266	1
3142	1
3321	1
3567	1
4370	1
4375	1
4837	1
6006	1
7365	1
