
REPORT
----------------------------------
                                 PATTERNS         TOKENS       COVERAGE          TYPES
Total:                                  -         305569              -          39839
Uncovered:                              -          74546         0.2440          35950
Covered:                           280613         231023         0.7560           3889

       CATEGORY      N (SIZE)        PATTERNS         TOKENS       COVERAGE          TYPES    OCCURRENCES
            all            all         280613         231023         0.7560           3889        3472242
            all              1           3888         231023         0.7560           3888         231023
            all              2           1863          76628         0.2508            970          46745
            all              3            778          18460         0.0604            354          16806
            all              4            630           7439         0.0243            205          11800
            all              5            672           3825         0.0125            136          10440
            all              6            800           1674         0.0055            100          10304
            all              7           1152           1122         0.0037             71          14016
            all              8           1792            744         0.0024             49          20736
            all              9           2794            601         0.0020             47          31623
            all             10           4446            511         0.0017             38          50635
            all             11           6990            511         0.0017             38          79686
            all             12          10176            379         0.0012             32         116176
            all             13          14860            379         0.0012             32         170890
            all             14          20080            379         0.0012             32         233430
            all             15          24576            239         0.0008             20         290816
            all             16          25905            239         0.0008             20         304384
            all             17          39796            239         0.0008             20         467603
            all             18          44679            239         0.0008             20         521255
            all             19          43556            239         0.0008             20         500894
            all             20          31180            220         0.0007             20         342980
         n-gram            all           6625         231023         0.7560           3888         293048
         n-gram              1           3888         231023         0.7560           3888         231023
         n-gram              2           1863          76628         0.2508            970          46745
         n-gram              3            412          18460         0.0604            353           8403
         n-gram              4            158           7439         0.0243            204           2950
         n-gram              5             84           3825         0.0125            135           1305
         n-gram              6             50           1674         0.0055             99            644
         n-gram              7             36           1122         0.0037             70            438
         n-gram              8             28            744         0.0024             48            324
         n-gram              9             22            601         0.0020             46            249
         n-gram             10             18            511         0.0017             37            205
         n-gram             11             15            511         0.0017             37            171
         n-gram             12             12            379         0.0012             31            137
         n-gram             13             10            379         0.0012             31            115
         n-gram             14              8            379         0.0012             31             93
         n-gram             15              6            239         0.0008             19             71
         n-gram             16              5            239         0.0008             19             59
         n-gram             17              4            239         0.0008             19             47
         n-gram             18              3            239         0.0008             19             35
         n-gram             19              2            239         0.0008             19             23
         n-gram             20              1            220         0.0007             19             11
       skipgram            all         273988          18460         0.0604            313        3179194
       skipgram              3            366          18460         0.0604            313           8403
       skipgram              4            472           7439         0.0243            205           8850
       skipgram              5            588           3825         0.0125            136           9135
       skipgram              6            750           1674         0.0055            100           9660
       skipgram              7           1116           1122         0.0037             71          13578
       skipgram              8           1764            744         0.0024             49          20412
       skipgram              9           2772            601         0.0020             47          31374
       skipgram             10           4428            511         0.0017             38          50430
       skipgram             11           6975            511         0.0017             38          79515
       skipgram             12          10164            379         0.0012             32         116039
       skipgram             13          14850            379         0.0012             32         170775
       skipgram             14          20072            379         0.0012             32         233337
       skipgram             15          24570            239         0.0008             20         290745
       skipgram             16          25900            239         0.0008             20         304325
       skipgram             17          39792            239         0.0008             20         467556
       skipgram             18          44676            239         0.0008             20         521220
       skipgram             19          43554            239         0.0008             20         500871
       skipgram             20          31179            220         0.0007             20         342969
