
REPORT
----------------------------------
                                 PATTERNS         TOKENS       COVERAGE          TYPES
Total:                                  -         305569              -          39839
Uncovered:                              -          74546         0.2440          35951
Covered:                             6625         231023         0.7560           3888

       CATEGORY      N (SIZE)        PATTERNS         TOKENS       COVERAGE          TYPES    OCCURRENCES
            all            all           6625         231023         0.7560           3888         293048
            all              1           3888         231023         0.7560           3888         231023
            all              2           1863          76628         0.2508            970          46745
            all              3            412          18460         0.0604            353           8403
            all              4            158           7439         0.0243            204           2950
            all              5             84           3825         0.0125            135           1305
            all              6             50           1674         0.0055             99            644
            all              7             36           1122         0.0037             70            438
            all              8             28            744         0.0024             48            324
            all              9             22            601         0.0020             46            249
            all             10             18            511         0.0017             37            205
            all             11             15            511         0.0017             37            171
            all             12             12            379         0.0012             31            137
            all             13             10            379         0.0012             31            115
            all             14              8            379         0.0012             31             93
            all             15              6            239         0.0008             19             71
            all             16              5            239         0.0008             19             59
            all             17              4            239         0.0008             19             47
            all             18              3            239         0.0008             19             35
            all             19              2            239         0.0008             19             23
            all             20              1            220         0.0007             19             11
         n-gram            all           6625         231023         0.7560           3888         293048
         n-gram              1           3888         231023         0.7560           3888         231023
         n-gram              2           1863          76628         0.2508            970          46745
         n-gram              3            412          18460         0.0604            353           8403
         n-gram              4            158           7439         0.0243            204           2950
         n-gram              5             84           3825         0.0125            135           1305
         n-gram              6             50           1674         0.0055             99            644
         n-gram              7             36           1122         0.0037             70            438
         n-gram              8             28            744         0.0024             48            324
         n-gram              9             22            601         0.0020             46            249
         n-gram             10             18            511         0.0017             37            205
         n-gram             11             15            511         0.0017             37            171
         n-gram             12             12            379         0.0012             31            137
         n-gram             13             10            379         0.0012             31            115
         n-gram             14              8            379         0.0012             31             93
         n-gram             15              6            239         0.0008             19             71
         n-gram             16              5            239         0.0008             19             59
         n-gram             17              4            239         0.0008             19             47
         n-gram             18              3            239         0.0008             19             35
         n-gram             19              2            239         0.0008             19             23
         n-gram             20              1            220         0.0007             19             11
